1    0    0    0
2    1    0    0
3    2    0    0
4    3    0    0
5    4    0    0
6    5    0    0
7    6    0    0
8    7    0    0
9    8    0    0
10    9    0    0
11    10    0    0
12    10    1    0
13    10    2    0
14    10    3    0
15    10    4    0
16    10    5    0
17    10    6    0
18    10    7    0
19    10    8    0
20    10    9    0
21    10    10    0
22    9    10    0
23    8    10    0
24    7    10    0
25    6    10    0
26    5    10    0
27    4    10    0
28    3    10    0
29    2    10    0
30    1    10    0
31    0    10    0
32    0    9    0
33    0    8    0
34    0    7    0
35    0    6    0
36    0    5    0
37    0    4    0
38    0    3    0
39    0    2    0
40    0    1    0
122    .5    0    0
123    1.5    0    0
124    2.5    0    0
125    3.5    0    0
126    4.5    0    0
127    5.5    0    0
128    6.5    0    0
129    7.5    0    0
130    8.5    0    0
131    9.5    0    0
132    10    .5    0
133    10    1.5    0
134    10    2.5    0
135    10    3.5    0
136    10    4.5    0
137    10    5.5    0
138    10    6.5    0
139    10    7.5    0
140    10    8.5    0
141    10    9.5    0
142    9.5    10    0
143    8.5    10    0
144    7.5    10    0
145    6.5    10    0
146    5.5    10    0
147    4.5    10    0
148    3.5    10    0
149    2.5    10    0
150    1.5    10    0
151    .5    10    0
152    0    9.5    0
153    0    8.5    0
154    0    7.5    0
155    0    6.5    0
156    0    5.5    0
157    0    4.5    0
158    0    3.5    0
159    0    2.5    0
160    0    1.5    0
161    0    .5    0
162    .5    .5    0
163    1    .5    0
164    1.5    .5    0
165    2    .5    0
166    2.5    .5    0
167    3    .5    0
168    3.5    .5    0
169    4    .5    0
170    4.5    .5    0
171    5    .5    0
172    5.5    .5    0
173    6    .5    0
174    6.5    .5    0
175    7    .5    0
176    7.5    .5    0
177    8    .5    0
178    8.5    .5    0
179    9    .5    0
180    9.5    .5    0
181    .5    1    0
182    1    1    0
183    1.5    1    0
184    2    1    0
185    2.5    1    0
186    3    1    0
187    3.5    1    0
188    4    1    0
189    4.5    1    0
190    5    1    0
191    5.5    1    0
192    6    1    0
193    6.5    1    0
194    7    1    0
195    7.5    1    0
196    8    1    0
197    8.5    1    0
198    9    1    0
199    9.5    1    0
200    .5    1.5    0
201    1    1.5    0
202    1.5    1.5    0
203    2    1.5    0
204    2.5    1.5    0
205    3    1.5    0
206    3.5    1.5    0
207    4    1.5    0
208    4.5    1.5    0
209    5    1.5    0
210    5.5    1.5    0
211    6    1.5    0
212    6.5    1.5    0
213    7    1.5    0
214    7.5    1.5    0
215    8    1.5    0
216    8.5    1.5    0
217    9    1.5    0
218    9.5    1.5    0
219    .5    2    0
220    1    2    0
221    1.5    2    0
222    2    2    0
223    2.5    2    0
224    3    2    0
225    3.5    2    0
226    4    2    0
227    4.5    2    0
228    5    2    0
229    5.5    2    0
230    6    2    0
231    6.5    2    0
232    7    2    0
233    7.5    2    0
234    8    2    0
235    8.5    2    0
236    9    2    0
237    9.5    2    0
238    .5    2.5    0
239    1    2.5    0
240    1.5    2.5    0
241    2    2.5    0
242    2.5    2.5    0
243    3    2.5    0
244    3.5    2.5    0
245    4    2.5    0
246    4.5    2.5    0
247    5    2.5    0
248    5.5    2.5    0
249    6    2.5    0
250    6.5    2.5    0
251    7    2.5    0
252    7.5    2.5    0
253    8    2.5    0
254    8.5    2.5    0
255    9    2.5    0
256    9.5    2.5    0
257    .5    3    0
258    1    3    0
259    1.5    3    0
260    2    3    0
261    2.5    3    0
262    3    3    0
263    3.5    3    0
264    4    3    0
265    4.5    3    0
266    5    3    0
267    5.5    3    0
268    6    3    0
269    6.5    3    0
270    7    3    0
271    7.5    3    0
272    8    3    0
273    8.5    3    0
274    9    3    0
275    9.5    3    0
276    .5    3.5    0
277    1    3.5    0
278    1.5    3.5    0
279    2    3.5    0
280    2.5    3.5    0
281    3    3.5    0
282    3.5    3.5    0
283    4    3.5    0
284    4.5    3.5    0
285    5    3.5    0
286    5.5    3.5    0
287    6    3.5    0
288    6.5    3.5    0
289    7    3.5    0
290    7.5    3.5    0
291    8    3.5    0
292    8.5    3.5    0
293    9    3.5    0
294    9.5    3.5    0
295    .5    4    0
296    1    4    0
297    1.5    4    0
298    2    4    0
299    2.5    4    0
300    3    4    0
301    3.5    4    0
302    4    4    0
303    4.5    4    0
304    5    4    0
305    5.5    4    0
306    6    4    0
307    6.5    4    0
308    7    4    0
309    7.5    4    0
310    8    4    0
311    8.5    4    0
312    9    4    0
313    9.5    4    0
314    .5    4.5    0
315    1    4.5    0
316    1.5    4.5    0
317    2    4.5    0
318    2.5    4.5    0
319    3    4.5    0
320    3.5    4.5    0
321    4    4.5    0
322    4.5    4.5    0
323    5    4.5    0
324    5.5    4.5    0
325    6    4.5    0
326    6.5    4.5    0
327    7    4.5    0
328    7.5    4.5    0
329    8    4.5    0
330    8.5    4.5    0
331    9    4.5    0
332    9.5    4.5    0
333    .5    5    0
334    1    5    0
335    1.5    5    0
336    2    5    0
337    2.5    5    0
338    3    5    0
339    3.5    5    0
340    4    5    0
341    4.5    5    0
342    5    5    0
343    5.5    5    0
344    6    5    0
345    6.5    5    0
346    7    5    0
347    7.5    5    0
348    8    5    0
349    8.5    5    0
350    9    5    0
351    9.5    5    0
352    .5    5.5    0
353    1    5.5    0
354    1.5    5.5    0
355    2    5.5    0
356    2.5    5.5    0
357    3    5.5    0
358    3.5    5.5    0
359    4    5.5    0
360    4.5    5.5    0
361    5    5.5    0
362    5.5    5.5    0
363    6    5.5    0
364    6.5    5.5    0
365    7    5.5    0
366    7.5    5.5    0
367    8    5.5    0
368    8.5    5.5    0
369    9    5.5    0
370    9.5    5.5    0
371    .5    6    0
372    1    6    0
373    1.5    6    0
374    2    6    0
375    2.5    6    0
376    3    6    0
377    3.5    6    0
378    4    6    0
379    4.5    6    0
380    5    6    0
381    5.5    6    0
382    6    6    0
383    6.5    6    0
384    7    6    0
385    7.5    6    0
386    8    6    0
387    8.5    6    0
388    9    6    0
389    9.5    6    0
390    .5    6.5    0
391    1    6.5    0
392    1.5    6.5    0
393    2    6.5    0
394    2.5    6.5    0
395    3    6.5    0
396    3.5    6.5    0
397    4    6.5    0
398    4.5    6.5    0
399    5    6.5    0
400    5.5    6.5    0
401    6    6.5    0
402    6.5    6.5    0
403    7    6.5    0
404    7.5    6.5    0
405    8    6.5    0
406    8.5    6.5    0
407    9    6.5    0
408    9.5    6.5    0
409    .5    7    0
410    1    7    0
411    1.5    7    0
412    2    7    0
413    2.5    7    0
414    3    7    0
415    3.5    7    0
416    4    7    0
417    4.5    7    0
418    5    7    0
419    5.5    7    0
420    6    7    0
421    6.5    7    0
422    7    7    0
423    7.5    7    0
424    8    7    0
425    8.5    7    0
426    9    7    0
427    9.5    7    0
428    .5    7.5    0
429    1    7.5    0
430    1.5    7.5    0
431    2    7.5    0
432    2.5    7.5    0
433    3    7.5    0
434    3.5    7.5    0
435    4    7.5    0
436    4.5    7.5    0
437    5    7.5    0
438    5.5    7.5    0
439    6    7.5    0
440    6.5    7.5    0
441    7    7.5    0
442    7.5    7.5    0
443    8    7.5    0
444    8.5    7.5    0
445    9    7.5    0
446    9.5    7.5    0
447    .5    8    0
448    1    8    0
449    1.5    8    0
450    2    8    0
451    2.5    8    0
452    3    8    0
453    3.5    8    0
454    4    8    0
455    4.5    8    0
456    5    8    0
457    5.5    8    0
458    6    8    0
459    6.5    8    0
460    7    8    0
461    7.5    8    0
462    8    8    0
463    8.5    8    0
464    9    8    0
465    9.5    8    0
466    .5    8.5    0
467    1    8.5    0
468    1.5    8.5    0
469    2    8.5    0
470    2.5    8.5    0
471    3    8.5    0
472    3.5    8.5    0
473    4    8.5    0
474    4.5    8.5    0
475    5    8.5    0
476    5.5    8.5    0
477    6    8.5    0
478    6.5    8.5    0
479    7    8.5    0
480    7.5    8.5    0
481    8    8.5    0
482    8.5    8.5    0
483    9    8.5    0
484    9.5    8.5    0
485    .5    8.99999999999999    0
486    1    9    0
487    1.5    9    0
488    2    9    0
489    2.5    9    0
490    3    9    0
491    3.5    9    0
492    4    9    0
493    4.5    9    0
494    5    9    0
495    5.5    9    0
496    6    9    0
497    6.5    9    0
498    7    9    0
499    7.5    9    0
500    8    9    0
501    8.5    9    0
502    9    9    0
503    9.5    9    0
504    .5    9.5    0
505    1    9.5    0
506    1.5    9.5    0
507    2    9.5    0
508    2.5    9.5    0
509    3    9.5    0
510    3.5    9.5    0
511    4    9.5    0
512    4.5    9.5    0
513    5    9.5    0
514    5.5    9.5    0
515    6    9.5    0
516    6.5    9.5    0
517    7    9.5    0
518    7.5    9.5    0
519    8    9.5    0
520    8.5    9.5    0
521    9    9.5    0
522    9.5    9.5    0
101     hello    1        122       162     161
102     hello    122        2       163     162
103     hello    2        123       164     163
104     hello    123        3       165     164
105     hello    3        124       166     165
106     hello    124        4       167     166
107     hello    4        125       168     167
108     hello    125        5       169     168
109     hello    5        126       170     169
110     hello    126        6       171     170
111     hello    6        127       172     171
112     hello    127        7       173     172
113     hello    7        128       174     173
114     hello    128        8       175     174
115     hello    8        129       176     175
116     hello    129        9       177     176
117     hello    9        130       178     177
118     hello    130        10       179     178
119     hello    10        131       180     179
120     hello    131        11       132     180
121     hello    161        162       181     40
122     hello    162        163       182     181
123     hello    163        164       183     182
124     hello    164        165       184     183
125     hello    165        166       185     184
126     hello    166        167       186     185
127     hello    167        168       187     186
128     hello    168        169       188     187
129     hello    169        170       189     188
130     hello    170        171       190     189
131     hello    171        172       191     190
132     hello    172        173       192     191
133     hello    173        174       193     192
134     hello    174        175       194     193
135     hello    175        176       195     194
136     hello    176        177       196     195
137     hello    177        178       197     196
138     hello    178        179       198     197
139     hello    179        180       199     198
140     hello    180        132       12     199
141     hello    40        181       200     160
142     hello    181        182       201     200
143     hello    182        183       202     201
144     hello    183        184       203     202
145     hello    184        185       204     203
146     hello    185        186       205     204
147     hello    186        187       206     205
148     hello    187        188       207     206
149     hello    188        189       208     207
150     hello    189        190       209     208
151     hello    190        191       210     209
152     hello    191        192       211     210
153     hello    192        193       212     211
154     hello    193        194       213     212
155     hello    194        195       214     213
156     hello    195        196       215     214
157     hello    196        197       216     215
158     hello    197        198       217     216
159     hello    198        199       218     217
160     hello    199        12       133     218
161     hello    160        200       219     39
162     hello    200        201       220     219
163     hello    201        202       221     220
164     hello    202        203       222     221
165     hello    203        204       223     222
166     hello    204        205       224     223
167     hello    205        206       225     224
168     hello    206        207       226     225
169     hello    207        208       227     226
170     hello    208        209       228     227
171     hello    209        210       229     228
172     hello    210        211       230     229
173     hello    211        212       231     230
174     hello    212        213       232     231
175     hello    213        214       233     232
176     hello    214        215       234     233
177     hello    215        216       235     234
178     hello    216        217       236     235
179     hello    217        218       237     236
180     hello    218        133       13     237
181     hello    39        219       238     159
182     hello    219        220       239     238
183     hello    220        221       240     239
184     hello    221        222       241     240
185     hello    222        223       242     241
186     hello    223        224       243     242
187     hello    224        225       244     243
188     hello    225        226       245     244
189     hello    226        227       246     245
190     hello    227        228       247     246
191     hello    228        229       248     247
192     hello    229        230       249     248
193     hello    230        231       250     249
194     hello    231        232       251     250
195     hello    232        233       252     251
196     hello    233        234       253     252
197     hello    234        235       254     253
198     hello    235        236       255     254
199     hello    236        237       256     255
200     hello    237        13       134     256
201     hello    159        238       257     38
202     hello    238        239       258     257
203     hello    239        240       259     258
204     hello    240        241       260     259
205     hello    241        242       261     260
206     hello    242        243       262     261
207     hello    243        244       263     262
208     hello    244        245       264     263
209     hello    245        246       265     264
210     hello    246        247       266     265
211     hello    247        248       267     266
212     hello    248        249       268     267
213     hello    249        250       269     268
214     hello    250        251       270     269
215     hello    251        252       271     270
216     hello    252        253       272     271
217     hello    253        254       273     272
218     hello    254        255       274     273
219     hello    255        256       275     274
220     hello    256        134       14     275
221     hello    38        257       276     158
222     hello    257        258       277     276
223     hello    258        259       278     277
224     hello    259        260       279     278
225     hello    260        261       280     279
226     hello    261        262       281     280
227     hello    262        263       282     281
228     hello    263        264       283     282
229     hello    264        265       284     283
230     hello    265        266       285     284
231     hello    266        267       286     285
232     hello    267        268       287     286
233     hello    268        269       288     287
234     hello    269        270       289     288
235     hello    270        271       290     289
236     hello    271        272       291     290
237     hello    272        273       292     291
238     hello    273        274       293     292
239     hello    274        275       294     293
240     hello    275        14       135     294
241     hello    158        276       295     37
242     hello    276        277       296     295
243     hello    277        278       297     296
244     hello    278        279       298     297
245     hello    279        280       299     298
246     hello    280        281       300     299
247     hello    281        282       301     300
248     hello    282        283       302     301
249     hello    283        284       303     302
250     hello    284        285       304     303
251     hello    285        286       305     304
252     hello    286        287       306     305
253     hello    287        288       307     306
254     hello    288        289       308     307
255     hello    289        290       309     308
256     hello    290        291       310     309
257     hello    291        292       311     310
258     hello    292        293       312     311
259     hello    293        294       313     312
260     hello    294        135       15     313
261     hello    37        295       314     157
262     hello    295        296       315     314
263     hello    296        297       316     315
264     hello    297        298       317     316
265     hello    298        299       318     317
266     hello    299        300       319     318
267     hello    300        301       320     319
268     hello    301        302       321     320
269     hello    302        303       322     321
270     hello    303        304       323     322
271     hello    304        305       324     323
272     hello    305        306       325     324
273     hello    306        307       326     325
274     hello    307        308       327     326
275     hello    308        309       328     327
276     hello    309        310       329     328
277     hello    310        311       330     329
278     hello    311        312       331     330
279     hello    312        313       332     331
280     hello    313        15       136     332
281     hello    157        314       333     36
282     hello    314        315       334     333
283     hello    315        316       335     334
284     hello    316        317       336     335
285     hello    317        318       337     336
286     hello    318        319       338     337
287     hello    319        320       339     338
288     hello    320        321       340     339
289     hello    321        322       341     340
290     hello    322        323       342     341
291     hello    323        324       343     342
292     hello    324        325       344     343
293     hello    325        326       345     344
294     hello    326        327       346     345
295     hello    327        328       347     346
296     hello    328        329       348     347
297     hello    329        330       349     348
298     hello    330        331       350     349
299     hello    331        332       351     350
300     hello    332        136       16     351
301     hello    36        333       352     156
302     hello    333        334       353     352
303     hello    334        335       354     353
304     hello    335        336       355     354
305     hello    336        337       356     355
306     hello    337        338       357     356
307     hello    338        339       358     357
308     hello    339        340       359     358
309     hello    340        341       360     359
310     hello    341        342       361     360
311     hello    342        343       362     361
312     hello    343        344       363     362
313     hello    344        345       364     363
314     hello    345        346       365     364
315     hello    346        347       366     365
316     hello    347        348       367     366
317     hello    348        349       368     367
318     hello    349        350       369     368
319     hello    350        351       370     369
320     hello    351        16       137     370
321     hello    156        352       371     35
322     hello    352        353       372     371
323     hello    353        354       373     372
324     hello    354        355       374     373
325     hello    355        356       375     374
326     hello    356        357       376     375
327     hello    357        358       377     376
328     hello    358        359       378     377
329     hello    359        360       379     378
330     hello    360        361       380     379
331     hello    361        362       381     380
332     hello    362        363       382     381
333     hello    363        364       383     382
334     hello    364        365       384     383
335     hello    365        366       385     384
336     hello    366        367       386     385
337     hello    367        368       387     386
338     hello    368        369       388     387
339     hello    369        370       389     388
340     hello    370        137       17     389
341     hello    35        371       390     155
342     hello    371        372       391     390
343     hello    372        373       392     391
344     hello    373        374       393     392
345     hello    374        375       394     393
346     hello    375        376       395     394
347     hello    376        377       396     395
348     hello    377        378       397     396
349     hello    378        379       398     397
350     hello    379        380       399     398
351     hello    380        381       400     399
352     hello    381        382       401     400
353     hello    382        383       402     401
354     hello    383        384       403     402
355     hello    384        385       404     403
356     hello    385        386       405     404
357     hello    386        387       406     405
358     hello    387        388       407     406
359     hello    388        389       408     407
360     hello    389        17       138     408
361     hello    155        390       409     34
362     hello    390        391       410     409
363     hello    391        392       411     410
364     hello    392        393       412     411
365     hello    393        394       413     412
366     hello    394        395       414     413
367     hello    395        396       415     414
368     hello    396        397       416     415
369     hello    397        398       417     416
370     hello    398        399       418     417
371     hello    399        400       419     418
372     hello    400        401       420     419
373     hello    401        402       421     420
374     hello    402        403       422     421
375     hello    403        404       423     422
376     hello    404        405       424     423
377     hello    405        406       425     424
378     hello    406        407       426     425
379     hello    407        408       427     426
380     hello    408        138       18     427
381     hello    34        409       428     154
382     hello    409        410       429     428
383     hello    410        411       430     429
384     hello    411        412       431     430
385     hello    412        413       432     431
386     hello    413        414       433     432
387     hello    414        415       434     433
388     hello    415        416       435     434
389     hello    416        417       436     435
390     hello    417        418       437     436
391     hello    418        419       438     437
392     hello    419        420       439     438
393     hello    420        421       440     439
394     hello    421        422       441     440
395     hello    422        423       442     441
396     hello    423        424       443     442
397     hello    424        425       444     443
398     hello    425        426       445     444
399     hello    426        427       446     445
400     hello    427        18       139     446
401     hello    154        428       447     33
402     hello    428        429       448     447
403     hello    429        430       449     448
404     hello    430        431       450     449
405     hello    431        432       451     450
406     hello    432        433       452     451
407     hello    433        434       453     452
408     hello    434        435       454     453
409     hello    435        436       455     454
410     hello    436        437       456     455
411     hello    437        438       457     456
412     hello    438        439       458     457
413     hello    439        440       459     458
414     hello    440        441       460     459
415     hello    441        442       461     460
416     hello    442        443       462     461
417     hello    443        444       463     462
418     hello    444        445       464     463
419     hello    445        446       465     464
420     hello    446        139       19     465
421     hello    33        447       466     153
422     hello    447        448       467     466
423     hello    448        449       468     467
424     hello    449        450       469     468
425     hello    450        451       470     469
426     hello    451        452       471     470
427     hello    452        453       472     471
428     hello    453        454       473     472
429     hello    454        455       474     473
430     hello    455        456       475     474
431     hello    456        457       476     475
432     hello    457        458       477     476
433     hello    458        459       478     477
434     hello    459        460       479     478
435     hello    460        461       480     479
436     hello    461        462       481     480
437     hello    462        463       482     481
438     hello    463        464       483     482
439     hello    464        465       484     483
440     hello    465        19       140     484
441     hello    153        466       485     32
442     hello    466        467       486     485
443     hello    467        468       487     486
444     hello    468        469       488     487
445     hello    469        470       489     488
446     hello    470        471       490     489
447     hello    471        472       491     490
448     hello    472        473       492     491
449     hello    473        474       493     492
450     hello    474        475       494     493
451     hello    475        476       495     494
452     hello    476        477       496     495
453     hello    477        478       497     496
454     hello    478        479       498     497
455     hello    479        480       499     498
456     hello    480        481       500     499
457     hello    481        482       501     500
458     hello    482        483       502     501
459     hello    483        484       503     502
460     hello    484        140       20     503
461     hello    32        485       504     152
462     hello    485        486       505     504
463     hello    486        487       506     505
464     hello    487        488       507     506
465     hello    488        489       508     507
466     hello    489        490       509     508
467     hello    490        491       510     509
468     hello    491        492       511     510
469     hello    492        493       512     511
470     hello    493        494       513     512
471     hello    494        495       514     513
472     hello    495        496       515     514
473     hello    496        497       516     515
474     hello    497        498       517     516
475     hello    498        499       518     517
476     hello    499        500       519     518
477     hello    500        501       520     519
478     hello    501        502       521     520
479     hello    502        503       522     521
480     hello    503        20       141     522
481     hello    152        504       151     31
482     hello    504        505       30     151
483     hello    505        506       150     30
484     hello    506        507       29     150
485     hello    507        508       149     29
486     hello    508        509       28     149
487     hello    509        510       148     28
488     hello    510        511       27     148
489     hello    511        512       147     27
490     hello    512        513       26     147
491     hello    513        514       146     26
492     hello    514        515       25     146
493     hello    515        516       145     25
494     hello    516        517       24     145
495     hello    517        518       144     24
496     hello    518        519       23     144
497     hello    519        520       143     23
498     hello    520        521       22     143
499     hello    521        522       142     22
500     hello    522        141       21     142
