1    0    0    0
5    4    0    0
7    6    0    0
9    8    0    0
13    10    2    0
15    10    4    0
17    10    6    0
25    6    10    0
31    0    10    0
35    0    6    0
122    2    2    0
123    4    2    0
124    6    2    0
125    8    2    0
126    2    4    0
127    4    4    0
128    6    4    0
129    8    4    0
130    2    6    0
131    4    6    0
132    6    6    0
133    8    6    0
134    2    8    0
135    4    8    0
136    6    8    0
137    8    8    0
142    10    10    -8
144    8    10    -10
147    2    10    -10
152    0    10    -2
154    2    10    0
155    4    10    0
157    8    10    0
158    8    10    -2
159    8    10    -4
160    8    10    -6
161    8    10    -8
162    6    10    -2
163    6    10    -4
164    6    10    -6
165    6    10    -8
166    4    10    -2
167    4    10    -4
168    4    10    -6
169    4    10    -8
170    2    10    -2
171    2    10    -4
172    2    10    -6
173    2    10    -8
176    0    10    -4
177    0    10    -6
178    0    10    -8
179    0    10    -10
190    0    2    0
191    0    4    0
193    0    8    0
194    0    8    -2
195    0    8    -4
196    0    8    -6
197    0    8    -8
198    0    6    -2
199    0    6    -4
200    0    6    -6
201    0    6    -8
202    0    4    -2
203    0    4    -4
204    0    4    -6
205    0    4    -8
206    0    2    -2
207    0    2    -4
208    0    2    -6
209    0    2    -8
211    0    0    -2
212    0    0    -4
213    0    0    -6
214    0    0    -8
215    0    0    -10
217    4    0    -10
219    8    0    -10
222    10    0    -6
223    10    0    -4
225    10    0    0
229    2    0    0
230    2    0    -2
231    2    0    -4
232    2    0    -6
233    2    0    -8
234    4    0    -2
235    4    0    -4
236    4    0    -6
237    4    0    -8
238    6    0    -2
239    6    0    -4
240    6    0    -6
241    6    0    -8
242    8    0    -2
243    8    0    -4
244    8    0    -6
245    8    0    -8
247    10    0    -2
250    10    0    -8
251    10    0    -10
252    10    2    -10
256    10    10    -10
258    10    10    -6
259    10    10    -4
260    10    10    -2
261    10    10    0
262    10    8    0
266    10    2    -2
267    10    2    -4
268    10    2    -6
269    10    2    -8
270    10    4    -2
271    10    4    -4
272    10    4    -6
273    10    4    -8
274    10    6    -2
275    10    6    -4
276    10    6    -6
277    10    6    -8
278    10    8    -2
279    10    8    -4
280    10    8    -6
281    10    8    -8
283    10    8    -10
284    10    6    -10
285    10    4    -10
289    6    0    -10
291    2    0    -10
293    0    2    -10
294    0    4    -10
295    0    6    -10
296    0    8    -10
299    4    10    -10
300    6    10    -10
302    8    8    -10
303    8    6    -10
304    8    4    -10
305    8    2    -10
306    6    8    -10
307    6    6    -10
308    6    4    -10
309    6    2    -10
310    4    8    -10
311    4    6    -10
312    4    4    -10
313    4    2    -10
314    2    8    -10
315    2    6    -10
316    2    4    -10
317    2    2    -10
101     elem    1    229    122    190
102     elem    229    5    123    122
103     elem    5    7    124    123
104     elem    7    9    125    124
105     elem    9    225    13    125
106     elem    190    122    126    191
107     elem    122    123    127    126
108     elem    123    124    128    127
109     elem    124    125    129    128
110     elem    125    13    15    129
111     elem    191    126    130    35
112     elem    126    127    131    130
113     elem    127    128    132    131
114     elem    128    129    133    132
115     elem    129    15    17    133
116     elem    35    130    134    193
117     elem    130    131    135    134
118     elem    131    132    136    135
119     elem    132    133    137    136
120     elem    133    17    262    137
121     elem    193    134    154    31
122     elem    134    135    155    154
123     elem    135    136    25    155
124     elem    136    137    157    25
125     elem    137    262    261    157
126     elem    261    260    158    157
127     elem    260    259    159    158
128     elem    259    258    160    159
129     elem    258    142    161    160
130     elem    142    256    144    161
131     elem    157    158    162    25
132     elem    158    159    163    162
133     elem    159    160    164    163
134     elem    160    161    165    164
135     elem    161    144    300    165
136     elem    25    162    166    155
137     elem    162    163    167    166
138     elem    163    164    168    167
139     elem    164    165    169    168
140     elem    165    300    299    169
141     elem    155    166    170    154
142     elem    166    167    171    170
143     elem    167    168    172    171
144     elem    168    169    173    172
145     elem    169    299    147    173
146     elem    154    170    152    31
147     elem    170    171    176    152
148     elem    171    172    177    176
149     elem    172    173    178    177
150     elem    173    147    179    178
151     elem    31    152    194    193
152     elem    152    176    195    194
153     elem    176    177    196    195
154     elem    177    178    197    196
155     elem    178    179    296    197
156     elem    193    194    198    35
157     elem    194    195    199    198
158     elem    195    196    200    199
159     elem    196    197    201    200
160     elem    197    296    295    201
161     elem    35    198    202    191
162     elem    198    199    203    202
163     elem    199    200    204    203
164     elem    200    201    205    204
165     elem    201    295    294    205
166     elem    191    202    206    190
167     elem    202    203    207    206
168     elem    203    204    208    207
169     elem    204    205    209    208
170     elem    205    294    293    209
171     elem    190    206    211    1
172     elem    206    207    212    211
173     elem    207    208    213    212
174     elem    208    209    214    213
175     elem    209    293    215    214
176     elem    1    211    230    229
177     elem    211    212    231    230
178     elem    212    213    232    231
179     elem    213    214    233    232
180     elem    214    215    291    233
181     elem    229    230    234    5
182     elem    230    231    235    234
183     elem    231    232    236    235
184     elem    232    233    237    236
185     elem    233    291    217    237
186     elem    5    234    238    7
187     elem    234    235    239    238
188     elem    235    236    240    239
189     elem    236    237    241    240
190     elem    237    217    289    241
191     elem    7    238    242    9
192     elem    238    239    243    242
193     elem    239    240    244    243
194     elem    240    241    245    244
195     elem    241    289    219    245
196     elem    9    242    247    225
197     elem    242    243    223    247
198     elem    243    244    222    223
199     elem    244    245    250    222
200     elem    245    219    251    250
201     elem    225    247    266    13
202     elem    247    223    267    266
203     elem    223    222    268    267
204     elem    222    250    269    268
205     elem    250    251    252    269
206     elem    13    266    270    15
207     elem    266    267    271    270
208     elem    267    268    272    271
209     elem    268    269    273    272
210     elem    269    252    285    273
211     elem    15    270    274    17
212     elem    270    271    275    274
213     elem    271    272    276    275
214     elem    272    273    277    276
215     elem    273    285    284    277
216     elem    17    274    278    262
217     elem    274    275    279    278
218     elem    275    276    280    279
219     elem    276    277    281    280
220     elem    277    284    283    281
221     elem    262    278    260    261
222     elem    278    279    259    260
223     elem    279    280    258    259
224     elem    280    281    142    258
225     elem    281    283    256    142
226     elem    256    283    302    144
227     elem    283    284    303    302
228     elem    284    285    304    303
229     elem    285    252    305    304
230     elem    252    251    219    305
231     elem    144    302    306    300
232     elem    302    303    307    306
233     elem    303    304    308    307
234     elem    304    305    309    308
235     elem    305    219    289    309
236     elem    300    306    310    299
237     elem    306    307    311    310
238     elem    307    308    312    311
239     elem    308    309    313    312
240     elem    309    289    217    313
241     elem    299    310    314    147
242     elem    310    311    315    314
243     elem    311    312    316    315
244     elem    312    313    317    316
245     elem    313    217    291    317
246     elem    147    314    296    179
247     elem    314    315    295    296
248     elem    315    316    294    295
249     elem    316    317    293    294
250     elem    317    291    215    293
