    1   0.000000   0.000000   0.000000   
    2   4.000000   0.000000   0.000000   
    3   6.000000   0.000000   0.000000   
    4   8.000000   0.000000   0.000000   
    5   10.000000  2.000000   0.000000   
    6   10.000000  4.000000   0.000000   
    7   10.000000  6.000000   0.000000   
    8   6.000000   10.000000  0.000000   
    9   0.000000   10.000000  0.000000   
   10   0.000000   6.000000   0.000000   
   27   10.000000  10.000000  -8.000000  
   28   8.000000   10.000000  -10.000000  
   29   2.000000   10.000000  -10.000000  
   30   0.000000   10.000000  -2.000000  
   31   2.000000   10.000000  0.000000   
   32   4.000000   10.000000  0.000000   
   33   8.000000   10.000000  0.000000   
   34   8.000000   10.000000  -2.000000  
   35   8.000000   10.000000  -4.000000  
   36   8.000000   10.000000  -6.000000  
   37   8.000000   10.000000  -8.000000  
   38   6.000000   10.000000  -2.000000  
   39   6.000000   10.000000  -4.000000  
   40   6.000000   10.000000  -6.000000  
   41   6.000000   10.000000  -8.000000  
   42   4.000000   10.000000  -2.000000  
   43   4.000000   10.000000  -4.000000  
   44   4.000000   10.000000  -6.000000  
   45   4.000000   10.000000  -8.000000  
   46   2.000000   10.000000  -2.000000  
   47   2.000000   10.000000  -4.000000  
   48   2.000000   10.000000  -6.000000  
   49   2.000000   10.000000  -8.000000  
   50   0.000000   10.000000  -4.000000  
   51   0.000000   10.000000  -6.000000  
   52   0.000000   10.000000  -8.000000  
   53   0.000000   10.000000  -10.000000  
   54   0.000000   2.000000   0.000000   
   55   0.000000   4.000000   0.000000   
   56   0.000000   8.000000   0.000000   
   57   0.000000   8.000000   -2.000000  
   58   0.000000   8.000000   -4.000000  
   59   0.000000   8.000000   -6.000000  
   60   0.000000   8.000000   -8.000000  
   61   0.000000   6.000000   -2.000000  
   62   0.000000   6.000000   -4.000000  
   63   0.000000   6.000000   -6.000000  
   64   0.000000   6.000000   -8.000000  
   65   0.000000   4.000000   -2.000000  
   66   0.000000   4.000000   -4.000000  
   67   0.000000   4.000000   -6.000000  
   68   0.000000   4.000000   -8.000000  
   69   0.000000   2.000000   -2.000000  
   70   0.000000   2.000000   -4.000000  
   71   0.000000   2.000000   -6.000000  
   72   0.000000   2.000000   -8.000000  
   73   0.000000   0.000000   -2.000000  
   74   0.000000   0.000000   -4.000000  
   75   0.000000   0.000000   -6.000000  
   76   0.000000   0.000000   -8.000000  
   77   0.000000   0.000000   -10.000000  
   78   4.000000   0.000000   -10.000000  
   79   8.000000   0.000000   -10.000000  
   80   10.000000  0.000000   -6.000000  
   81   10.000000  0.000000   -4.000000  
   82   10.000000  0.000000   0.000000   
   83   2.000000   0.000000   0.000000   
   84   2.000000   0.000000   -2.000000  
   85   2.000000   0.000000   -4.000000  
   86   2.000000   0.000000   -6.000000  
   87   2.000000   0.000000   -8.000000  
   88   4.000000   0.000000   -2.000000  
   89   4.000000   0.000000   -4.000000  
   90   4.000000   0.000000   -6.000000  
   91   4.000000   0.000000   -8.000000  
   92   6.000000   0.000000   -2.000000  
   93   6.000000   0.000000   -4.000000  
   94   6.000000   0.000000   -6.000000  
   95   6.000000   0.000000   -8.000000  
   96   8.000000   0.000000   -2.000000  
   97   8.000000   0.000000   -4.000000  
   98   8.000000   0.000000   -6.000000  
   99   8.000000   0.000000   -8.000000  
  100   10.000000  0.000000   -2.000000  
  101   10.000000  0.000000   -8.000000  
  102   10.000000  0.000000   -10.000000  
  103   10.000000  2.000000   -10.000000  
  104   10.000000  10.000000  -10.000000  
  105   10.000000  10.000000  -6.000000  
  106   10.000000  10.000000  -4.000000  
  107   10.000000  10.000000  -2.000000  
  108   10.000000  10.000000  0.000000   
  109   10.000000  8.000000   0.000000   
  110   10.000000  2.000000   -2.000000  
  111   10.000000  2.000000   -4.000000  
  112   10.000000  2.000000   -6.000000  
  113   10.000000  2.000000   -8.000000  
  114   10.000000  4.000000   -2.000000  
  115   10.000000  4.000000   -4.000000  
  116   10.000000  4.000000   -6.000000  
  117   10.000000  4.000000   -8.000000  
  118   10.000000  6.000000   -2.000000  
  119   10.000000  6.000000   -4.000000  
  120   10.000000  6.000000   -6.000000  
  121   10.000000  6.000000   -8.000000  
  122   10.000000  8.000000   -2.000000  
  123   10.000000  8.000000   -4.000000  
  124   10.000000  8.000000   -6.000000  
  125   10.000000  8.000000   -8.000000  
  126   10.000000  8.000000   -10.000000  
  127   10.000000  6.000000   -10.000000  
  128   10.000000  4.000000   -10.000000  
  129   6.000000   0.000000   -10.000000  
  130   2.000000   0.000000   -10.000000  
  131   0.000000   2.000000   -10.000000  
  132   0.000000   4.000000   -10.000000  
  133   0.000000   6.000000   -10.000000  
  134   0.000000   8.000000   -10.000000  
  135   4.000000   10.000000  -10.000000  
  136   6.000000   10.000000  -10.000000  
  137   8.000000   8.000000   -10.000000  
  138   8.000000   6.000000   -10.000000  
  139   8.000000   4.000000   -10.000000  
  140   8.000000   2.000000   -10.000000  
  141   6.000000   8.000000   -10.000000  
  142   6.000000   6.000000   -10.000000  
  143   6.000000   4.000000   -10.000000  
  144   6.000000   2.000000   -10.000000  
  145   4.000000   8.000000   -10.000000  
  146   4.000000   6.000000   -10.000000  
  147   4.000000   4.000000   -10.000000  
  148   4.000000   2.000000   -10.000000  
  149   2.000000   8.000000   -10.000000  
  150   2.000000   6.000000   -10.000000  
  151   2.000000   4.000000   -10.000000  
  152   2.000000   2.000000   -10.000000  
   26   108    107    34     33     
   27   107    106    35     34     
   28   106    105    36     35     
   29   105    27     37     36     
   30   27     104    28     37     
   31   33     34     38     8      
   32   34     35     39     38     
   33   35     36     40     39     
   34   36     37     41     40     
   35   37     28     136    41     
   36   8      38     42     32     
   37   38     39     43     42     
   38   39     40     44     43     
   39   40     41     45     44     
   40   41     136    135    45     
   41   32     42     46     31     
   42   42     43     47     46     
   43   43     44     48     47     
   44   44     45     49     48     
   45   45     135    29     49     
   46   31     46     30     9      
   47   46     47     50     30     
   48   47     48     51     50     
   49   48     49     52     51     
   50   49     29     53     52     
   51   9      30     57     56     
   52   30     50     58     57     
   53   50     51     59     58     
   54   51     52     60     59     
   55   52     53     134    60     
   56   56     57     61     10     
   57   57     58     62     61     
   58   58     59     63     62     
   59   59     60     64     63     
   60   60     134    133    64     
   61   10     61     65     55     
   62   61     62     66     65     
   63   62     63     67     66     
   64   63     64     68     67     
   65   64     133    132    68     
   66   55     65     69     54     
   67   65     66     70     69     
   68   66     67     71     70     
   69   67     68     72     71     
   70   68     132    131    72     
   71   54     69     73     1      
   72   69     70     74     73     
   73   70     71     75     74     
   74   71     72     76     75     
   75   72     131    77     76     
   76   1      73     84     83     
   77   73     74     85     84     
   78   74     75     86     85     
   79   75     76     87     86     
   80   76     77     130    87     
   81   83     84     88     2      
   82   84     85     89     88     
   83   85     86     90     89     
   84   86     87     91     90     
   85   87     130    78     91     
   86   2      88     92     3      
   87   88     89     93     92     
   88   89     90     94     93     
   89   90     91     95     94     
   90   91     78     129    95     
   91   3      92     96     4      
   92   92     93     97     96     
   93   93     94     98     97     
   94   94     95     99     98     
   95   95     129    79     99     
   96   4      96     100    82     
   97   96     97     81     100    
   98   97     98     80     81     
   99   98     99     101    80     
  100   99     79     102    101    
  101   82     100    110    5      
  102   100    81     111    110    
  103   81     80     112    111    
  104   80     101    113    112    
  105   101    102    103    113    
  106   5      110    114    6      
  107   110    111    115    114    
  108   111    112    116    115    
  109   112    113    117    116    
  110   113    103    128    117    
  111   6      114    118    7      
  112   114    115    119    118    
  113   115    116    120    119    
  114   116    117    121    120    
  115   117    128    127    121    
  116   7      118    122    109    
  117   118    119    123    122    
  118   119    120    124    123    
  119   120    121    125    124    
  120   121    127    126    125    
  121   109    122    107    108    
  122   122    123    106    107    
  123   123    124    105    106    
  124   124    125    27     105    
  125   125    126    104    27     
  126   104    126    137    28     
  127   126    127    138    137    
  128   127    128    139    138    
  129   128    103    140    139    
  130   103    102    79     140    
  131   28     137    141    136    
  132   137    138    142    141    
  133   138    139    143    142    
  134   139    140    144    143    
  135   140    79     129    144    
  136   136    141    145    135    
  137   141    142    146    145    
  138   142    143    147    146    
  139   143    144    148    147    
  140   144    129    78     148    
  141   135    145    149    29     
  142   145    146    150    149    
  143   146    147    151    150    
  144   147    148    152    151    
  145   148    78     130    152    
  146   29     149    134    53     
  147   149    150    133    134    
  148   150    151    132    133    
  149   151    152    131    132    
  150   152    130    77     131    
