    1    0.000000   0.000000   0.000000   
    2    4.000000   0.000000   0.000000   
    3    6.000000   0.000000   0.000000   
    4    8.000000   0.000000   0.000000   
    5    10.000000  2.000000   0.000000   
    6    10.000000  4.000000   0.000000   
    7    10.000000  6.000000   0.000000   
    8    6.000000   10.000000  0.000000   
    9    0.000000   10.000000  0.000000   
   10    0.000000   6.000000   0.000000   
   11    2.000000   2.000000   0.000000   
   12    4.000000   2.000000   0.000000   
   13    6.000000   2.000000   0.000000   
   14    8.000000   2.000000   0.000000   
   15    2.000000   4.000000   0.000000   
   16    4.000000   4.000000   0.000000   
   17    6.000000   4.000000   0.000000   
   18    8.000000   4.000000   0.000000   
   19    2.000000   6.000000   0.000000   
   20    4.000000   6.000000   0.000000   
   21    6.000000   6.000000   0.000000   
   22    8.000000   6.000000   0.000000   
   23    2.000000   8.000000   0.000000   
   24    4.000000   8.000000   0.000000   
   25    6.000000   8.000000   0.000000   
   26    8.000000   8.000000   0.000000   
   31    2.000000   10.000000  0.000000   
   32    4.000000   10.000000  0.000000   
   33    8.000000   10.000000  0.000000   
   54    0.000000   2.000000   0.000000   
   55    0.000000   4.000000   0.000000   
   56    0.000000   8.000000   0.000000   
   82    10.000000  0.000000   0.000000   
   83    2.000000   0.000000   0.000000   
  108    10.000000  10.000000  0.000000   
  109    10.000000  8.000000   0.000000   
    1   1      83     11     54     
    2   83     2      12     11     
    3   2      3      13     12     
    4   3      4      14     13     
    5   4      82     5      14     
    6   54     11     15     55     
    7   11     12     16     15     
    8   12     13     17     16     
    9   13     14     18     17     
   10   14     5      6      18     
   11   55     15     19     10     
   12   15     16     20     19     
   13   16     17     21     20     
   14   17     18     22     21     
   15   18     6      7      22     
   16   10     19     23     56     
   17   19     20     24     23     
   18   20     21     25     24     
   19   21     22     26     25     
   20   22     7      109    26     
   21   56     23     31     9      
   22   23     24     32     31     
   23   24     25     8      32     
   24   25     26     33     8      
   25   26     109    108    33     
