1    0    0    0
2    5    0    0
3    10    10    0
4    5    10    0
5    0    10    0
6    5    5    0
7    0    0    -5
8    0    0    -10
9    10    0    -10
10    10    0    -5
11    10    0    0
12    5    0    -5
13    10    10    -10
14    10    10    -5
15    10    5    0
16    10    5    -5
17    5    10    -10
18    0    10    -10
19    5    10    -5
20    0    10    -5
21    0    5    -10
22    0    5    0
23    0    5    -5
24    10    5    -10
25    5    0    -10
26    5    5    -10
1     elem    1    2    6    22
2     elem    2    11    15    6
3     elem    22    6    4    5
4     elem    6    15    3    4
5     elem    1    7    12    2
6     elem    7    8    25    12
7     elem    2    12    10    11
8     elem    12    25    9    10
9     elem    11    10    16    15
10     elem    10    9    24    16
11     elem    15    16    14    3
12     elem    16    24    13    14
13     elem    3    14    19    4
14     elem    14    13    17    19
15     elem    4    19    20    5
16     elem    19    17    18    20
17     elem    5    20    23    22
18     elem    20    18    21    23
19     elem    22    23    7    1
20     elem    23    21    8    7
21     elem    18    17    26    21
22     elem    17    13    24    26
23     elem    21    26    25    8
24     elem    26    24    9    25
