25   96   
1       8
0.000000      1.000000      2.000000      2.000000      2.000000      1.000000      0.000000      0.000000      
0.000000      0.000000      0.000000      1.000000      2.000000      2.000000      2.000000      1.000000      
2       8
2.000000      3.000000      4.000000      4.000000      4.000000      3.000000      2.000000      2.000000      
0.000000      0.000000      0.000000      1.000000      2.000000      2.000000      2.000000      1.000000      
3       8
4.000000      5.000000      6.000000      6.000000      6.000000      5.000000      4.000000      4.000000      
0.000000      0.000000      0.000000      1.000000      2.000000      2.000000      2.000000      1.000000      
4       8
6.000000      7.000000      8.000000      8.000000      8.000000      7.000000      6.000000      6.000000      
0.000000      0.000000      0.000000      1.000000      2.000000      2.000000      2.000000      1.000000      
5       8
8.000000      9.000000      10.000000     10.000000     10.000000     9.000000      8.000000      8.000000      
0.000000      0.000000      0.000000      1.000000      2.000000      2.000000      2.000000      1.000000      
6       8
0.000000      1.000000      2.000000      2.000000      2.000000      1.000000      0.000000      0.000000      
2.000000      2.000000      2.000000      3.000000      4.000000      4.000000      4.000000      3.000000      
7       8
2.000000      3.000000      4.000000      4.000000      4.000000      3.000000      2.000000      2.000000      
2.000000      2.000000      2.000000      3.000000      4.000000      4.000000      4.000000      3.000000      
8       8
4.000000      5.000000      6.000000      6.000000      6.000000      5.000000      4.000000      4.000000      
2.000000      2.000000      2.000000      3.000000      4.000000      4.000000      4.000000      3.000000      
9       8
6.000000      7.000000      8.000000      8.000000      8.000000      7.000000      6.000000      6.000000      
2.000000      2.000000      2.000000      3.000000      4.000000      4.000000      4.000000      3.000000      
10      8
8.000000      9.000000      10.000000     10.000000     10.000000     9.000000      8.000000      8.000000      
2.000000      2.000000      2.000000      3.000000      4.000000      4.000000      4.000000      3.000000      
11      8
0.000000      1.000000      2.000000      2.000000      2.000000      1.000000      0.000000      0.000000      
4.000000      4.000000      4.000000      5.000000      6.000000      6.000000      6.000000      5.000000      
12      8
2.000000      3.000000      4.000000      4.000000      4.000000      3.000000      2.000000      2.000000      
4.000000      4.000000      4.000000      5.000000      6.000000      6.000000      6.000000      5.000000      
13      8
4.000000      5.000000      6.000000      6.000000      6.000000      5.000000      4.000000      4.000000      
4.000000      4.000000      4.000000      5.000000      6.000000      6.000000      6.000000      5.000000      
14      8
6.000000      7.000000      8.000000      8.000000      8.000000      7.000000      6.000000      6.000000      
4.000000      4.000000      4.000000      5.000000      6.000000      6.000000      6.000000      5.000000      
15      8
8.000000      9.000000      10.000000     10.000000     10.000000     9.000000      8.000000      8.000000      
4.000000      4.000000      4.000000      5.000000      6.000000      6.000000      6.000000      5.000000      
16      8
0.000000      1.000000      2.000000      2.000000      2.000000      1.000000      0.000000      0.000000      
6.000000      6.000000      6.000000      7.000000      8.000000      8.000000      8.000000      7.000000      
17      8
2.000000      3.000000      4.000000      4.000000      4.000000      3.000000      2.000000      2.000000      
6.000000      6.000000      6.000000      7.000000      8.000000      8.000000      8.000000      7.000000      
18      8
4.000000      5.000000      6.000000      6.000000      6.000000      5.000000      4.000000      4.000000      
6.000000      6.000000      6.000000      7.000000      8.000000      8.000000      8.000000      7.000000      
19      8
6.000000      7.000000      8.000000      8.000000      8.000000      7.000000      6.000000      6.000000      
6.000000      6.000000      6.000000      7.000000      8.000000      8.000000      8.000000      7.000000      
20      8
8.000000      9.000000      10.000000     10.000000     10.000000     9.000000      8.000000      8.000000      
6.000000      6.000000      6.000000      7.000000      8.000000      8.000000      8.000000      7.000000      
21      8
0.000000      1.000000      2.000000      2.000000      2.000000      1.000000      0.000000      0.000000      
8.000000      8.000000      8.000000      9.000000      10.000000     10.000000     10.000000     9.000000      
22      8
2.000000      3.000000      4.000000      4.000000      4.000000      3.000000      2.000000      2.000000      
8.000000      8.000000      8.000000      9.000000      10.000000     10.000000     10.000000     9.000000      
23      8
4.000000      5.000000      6.000000      6.000000      6.000000      5.000000      4.000000      4.000000      
8.000000      8.000000      8.000000      9.000000      10.000000     10.000000     10.000000     9.000000      
24      8
6.000000      7.000000      8.000000      8.000000      8.000000      7.000000      6.000000      6.000000      
8.000000      8.000000      8.000000      9.000000      10.000000     10.000000     10.000000     9.000000      
25      8
8.000000      9.000000      10.000000     10.000000     10.000000     9.000000      8.000000      8.000000      
8.000000      8.000000      8.000000      9.000000      10.000000     10.000000     10.000000     9.000000      
